3
5
6
7
8
9
10
11
12
13
18
21
22
32
33
34
58
62
64
65
66
67
68
69
70
71
72
73
74
75
78
79
80
81
83
90
95
99
100
109
110
111
112
113
117
121
125
138
139
140
141
148
149
150
151
152
156
158
159
162
165
167
168
171
173
178
180
185
186
187
188
189
196
200
203
205
206
207
208
212
213
214
215
216
217
223
224
225
226
227
230
238
240
244
245
255
257
263
264
265
266
267
269
270
276
277
279
297
298
299
300
301
302
303
304
305
306
307
308
309
311
313
322
324
325
326
327
328
329
330
331
332
333
335
336
337
340
342
343
349
350
354
355
356
358
360
362
363
364
366
371
372
374
377
388
389
390
394
397
401
402
405
406
412
416
417
418
419
420
422
423
431
432
435
436
438
439
451
454
455
456
457
464
467
468
470
473
475
476
477
478
479
484
485
486
487
488
489
490
492
493
494
495
501
502
503
505
527
529
532
533
534
535
544
545
546
547
548
549
550
551
554
555
556
562
563
569
571
579
582
586
589
591
592
594
595
601
602
603
609
612
613
615
616
617
624
625
626
627
631
633
634
636
638
639
640
642
643
644
645
675
680
681
683
687
688
689
692
694
696
704
707
711
715
720
728
729
732
733
737
738
739
740
761
779
780
784
804
834
862
892
894
896
904
912
923
928
966
975
979
982
995
998
999
1005
1007
1011
1013
1018
1031
1044
1053
1057
1070
1083
1103
1113
1115
1117
1135
1136
1140
1142
1149
1164
1166
1182
1184
1187
1188
1240
1246
1342
1367
1390
