8
27
34
36
40
48
49
50
51
52
53
61
69
70
71
72
75
76
79
80
84
87
88
89
95
101
102
104
106
107
110
115
116
117
128
131
152
156
159
165
167
168
172
173
177
185
202
204
207
208
209
222
228
235
240
241
244
246
265
277
278
279
281
283
289
298
302
303
304
308
311
312
313
322
323
324
327
329
334
337
340
344
345
367
373
374
381
383
384
387
388
391
394
399
403
410
411
416
432
434
441
447
452
455
457
465
470
495
497
505
515
516
518
526
527
528
536
537
544
545
549
553
554
555
556
559
562
564
569
573
579
582
594
602
606
608
638
643
651
665
668
674
676
678
679
680
690
691
692
699
703
704
707
709
723
725
728
732
738
739
743
744
748
756
757
761
772
781
801
806
810
818
826
829
833
840
841
842
844
846
850
853
860
874
877
891
894
903
905
906
912
924
930
932
934
935
936
939
944
947
962
969
983
986
988
989
991
996
999
1004
1011
1013
1016
1024
1027
1032
1039
1042
1044
1046
1047
1048
1050
1054
1055
1061
1063
1065
1067
1071
1074
1081
1085
1090
1091
1095
1096
1102
1108
1112
1113
1114
1118
1121
1122
1124
1125
1126
1135
1138
1141
1147
1148
1158
1174
1175
1185
1186
1187
1189
1191
1192
1193
1196
1198
1202
1205
1209
1210
1211
1223
1224
1226
1229
1232
1238
1239
1242
1247
1250
1252
1253
1254
1255
1256
1268
1271
1274
1275
1276
1277
1279
1280
1289
1304
1308
1322
1323
1326
1335
1337
1338
1344
1361
1366
1367
1368
1386
1388
1428
1444
1456
